print(Forces_Data)
[[1, 1, 1, 1, 5.245, 0.1609, 0.3884, 0.03425, 842.0455479314908, -4010.241922023725, -9694.049370561288], 
[2, 1, 2, 1, 5.245, 0.3884, 0.1609, 0.04945, 282.95883155139364, -3257.563548235419, -1347.5914352635123], 
[3, 1, 3, 1, 5.245, 0.3884, -0.1609, 0.07271, -572.5909725934125, 6591.953571981662, -2726.9645069761273], 
[4, 1, 4, 1, 5.245, 0.1609, -0.3884, 0.09047, -1225.839662258579, 5838.061391506482, -14112.47911175189], 
[5, 1, 1, 2, 13.95, 0.3217, 0.7767, -0.02001, -0.0, -17867.5955910153, -43106.15750939461], 
[6, 1, 2, 2, 13.95, 0.7767, 0.3217, -0.00858, -0.0, -36720.08966202915, -15220.556645624638], 
[7, 1, 3, 2, 13.95, 0.7767, -0.3217, 0.009, -0.0, -26897.948563456564, 11149.257900220631], 
[8, 1, 4, 2, 13.95, 0.3217, -0.7767, 0.0225, -0.0, -8022.833948971821, 19355.348743733586], 
[9, 1, 1, 3, 20.972, 0.1609, 0.5734, -0.05591, -2469.168272768376, -13474.604002821708, -32522.47353560632], 
[10, 1, 2, 3, 20.972, 0.3884, 0.3459, -0.05986, -3585.9588273041645, -33627.51186012783, -13941.329726560069], 
[11, 1, 3, 3, 20.972, 0.3884, 0.0241, -0.06512, -5262.556617612048, -35147.73215412426, 14558.459547992454], 
[12, 1, 4, 3, 20.972, 0.1609, -0.2034, -0.06862, -6507.212886429909, -14998.332140673814, 36146.77402157102], 
[13, 2, 1, 1, 11.9028, 0.6884, -0.9982, 0.00187, -32.81622950135128, 49.22434425202692, 8204.05737533782], 
[14, 2, 2, 1, 12.762, 0.6884, -0.9961, 0.00237, -0.0, 8.129156050402095, 8129.156050402095], 
[15, 2, 3, 1, 13.6213, 0.6884, -0.9959, 0.00244, -0.0, 8.11876694614113, 8118.76694614113], 
[16, 2, 4, 1, 14.4806, 0.6884, -0.9959, 0.00244, -0.0, 8.11876694614113, 8118.76694614113], 
[17, 2, 5, 1, 15.3399, 0.6884, -0.996, 0.00247, 0.0, 8.11431447288643, 8114.31447288643], 
[18, 2, 6, 1, 16.1991, 0.6884, -0.9963, 0.0025, 0.0, 8.10986199963173, 8109.86199963173], 
[19, 2, 7, 1, 17.0584, 0.6884, -0.997, 0.00262, 8.09205210661293, 0.0, 8092.052106612931], 
[20, 2, 8, 1, 17.9177, 0.6884, -0.9988, 0.00284, 24.178201908235398, 0.0, 8059.400636078466], 
[21, 2, 1, 2, 13.6442, 1.9978, -0.9987, 0.00187, -20.742098234393108, 31.11314735158966, 5185.524558598277], 
[22, 2, 2, 2, 14.2462, 1.9978, -0.9973, 0.00237, -0.0, 5.138616140736, 5138.616140736], 
[23, 2, 3, 2, 14.8483, 1.9978, -0.9971, 0.00244, -0.0, 5.132048962235281, 5132.048962235281], 
[24, 2, 4, 2, 15.4504, 1.9978, -0.9971, 0.00244, -0.0, 5.132048962235281, 5132.048962235281], 
[25, 2, 5, 2, 16.0525, 1.9978, -0.9972, 0.00247, 0.0, 5.129234457163544, 5129.234457163544], 
[26, 2, 6, 2, 16.6545, 1.9978, -0.9974, 0.0025, 0.0, 5.126419952091807, 5126.419952091806], 
[27, 2, 7, 2, 17.2566, 1.9978, -0.9979, 0.00262, 5.1151619318048605, 0.0, 5115.161931804861], 
[28, 2, 8, 2, 17.8587, 1.9978, -0.9992, 0.00284, 15.283566683836375, 0.0, 5094.522227945458], 
[29, 2, 1, 3, 15.1255, 3.1116, -0.9992, 0.00187, -10.479225344950143, 15.718838017425213, 2619.8063362375356], 
[30, 2, 2, 3, 15.5088, 3.1116, -0.9983, 0.00237, -0.0, 2.596107485918776, 2596.1074859187756], 
[31, 2, 3, 3, 15.8921, 3.1116, -0.9982, 0.00244, -0.0, 2.5927896468741496, 2592.7896468741496], 
[32, 2, 4, 3, 16.2753, 3.1116, -0.9982, 0.00244, -0.0, 2.5927896468741496, 2592.7896468741496], 
[33, 2, 5, 3, 16.6586, 3.1116, -0.9982, 0.00247, 0.0, 2.591367715855024, 2591.367715855024], 
[34, 2, 6, 3, 17.0419, 3.1116, -0.9983, 0.0025, 0.0, 2.5899457848358987, 2589.9457848358984], 
[35, 2, 7, 3, 17.4252, 3.1116, -0.9987, 0.00262, 2.584258060759396, 0.0, 2584.258060759396], 
[36, 2, 8, 3, 17.8085, 3.1116, -0.9995, 0.00284, 7.721491699857426, 0.0, 2573.830566619142], 
[37, 2, 1, 4, 16.2017, 3.9209, -0.9995, 0.00187, -3.9387241900024352, 5.908086285003653, 984.6810475006088], 
[38, 2, 2, 4, 16.4261, 3.9209, -0.999, 0.00237, -0.9757735918487721, 0.9757735918487721, 975.7735918487721], 
[39, 2, 3, 4, 16.6504, 3.9209, -0.9989, 0.00244, -0.0, 0.974526548057515, 974.526548057515], 
[40, 2, 4, 4, 16.8747, 3.9209, -0.9989, 0.00244, -0.0, 0.974526548057515, 974.526548057515], 
[41, 2, 5, 4, 17.099, 3.9209, -0.999, 0.00247, 0.0, 0.9739921007184048, 973.9921007184048], 
[42, 2, 6, 4, 17.3234, 3.9209, -0.999, 0.0025, 0.0, 0.9734576533792946, 973.4576533792946], 
[43, 2, 7, 4, 17.5477, 3.9209, -0.9992, 0.00262, 0.9713198640228539, 0.0, 971.3198640228538], 
[44, 2, 8, 4, 17.772, 3.9209, -0.9997, 0.00284, 2.9022017506081372, 0.0, 967.4005835360457], 
[45, 2, 1, 5, 16.7675, 4.3463, -0.9997, 0.00187, -0.8515410748808083, 1.2773116123212125, 212.88526872020208], 
[46, 2, 2, 5, 16.9083, 4.3463, -0.9994, 0.00237, -0.21095950189969936, 0.21095950189969936, 210.95950189969935], 
[47, 2, 3, 5, 17.0491, 4.3463, -0.9993, 0.00244, -0.0, 0.210689894544829, 210.689894544829], 
[48, 2, 4, 5, 17.1898, 4.3463, -0.9993, 0.00244, -0.0, 0.210689894544829, 210.689894544829], 
[49, 2, 5, 5, 17.3306, 4.3463, -0.9993, 0.00247, 0.0, 0.21057434853559884, 210.57434853559883], 
[50, 2, 6, 5, 17.4713, 4.3463, -0.9994, 0.0025, 0.0, 0.21045880252636867, 210.45880252636866], 
[51, 2, 7, 5, 17.6121, 4.3463, -0.9995, 0.00262, 0.209996618489448, 0.0, 209.996618489448], 
[52, 2, 8, 5, 17.7528, 4.3463, -0.9998, 0.00284, 0.6274478432652805, 0.0, 209.14928108842682], 
[53, 3, 1, 1, 11.9028, 0.6884, -1.0018, 0.00307, 32.10377356118083, -48.155660341771245, 8025.943390295207], 
[54, 3, 2, 1, 12.762, 0.6884, -1.0039, 0.00251, 8.108377841880163, -8.108377841880163, 8108.377841880163], 
[55, 3, 3, 1, 13.6213, 0.6884, -1.0041, 0.00244, -0.0, -8.11876694614113, 8118.76694614113], 
[56, 3, 4, 1, 14.4806, 0.6884, -1.0041, 0.00244, -0.0, -8.11876694614113, 8118.76694614113], 
[57, 3, 5, 1, 15.3399, 0.6884, -1.004, 0.0024, -0.0, -8.124703577147397, 8124.703577147397], 
[58, 3, 6, 1, 16.1991, 0.6884, -1.0037, 0.00237, -0.0, -8.129156050402095, 8129.156050402095], 
[59, 3, 7, 1, 17.0584, 0.6884, -1.003, 0.00226, -8.145481785669329, -0.0, 8145.481785669329], 
[60, 3, 8, 1, 17.9177, 0.6884, -1.0012, 0.00206, -24.52549482210198, -0.0, 8175.16494070066], 
[61, 3, 1, 2, 13.6442, 1.9978, -1.0013, 0.00307, 20.291777422915242, -30.437666134372865, 5072.9443557288105], 
[62, 3, 2, 2, 14.2462, 1.9978, -1.0027, 0.00251, 5.125481783734561, -5.125481783734561, 5125.481783734562], 
[63, 3, 3, 2, 14.8483, 1.9978, -1.0029, 0.00244, -0.0, -5.132048962235281, 5132.048962235281], 
[64, 3, 4, 2, 15.4504, 1.9978, -1.0029, 0.00244, -0.0, -5.132048962235281, 5132.048962235281], 
[65, 3, 5, 2, 16.0525, 1.9978, -1.0028, 0.0024, -0.0, -5.135801635664263, 5135.801635664263], 
[66, 3, 6, 2, 16.6545, 1.9978, -1.0026, 0.00237, -0.0, -5.138616140736, 5138.616140736], 
[67, 3, 7, 2, 17.2566, 1.9978, -1.0021, 0.00226, -5.148935992665701, -0.0, 5148.935992665701], 
[68, 3, 8, 2, 17.8587, 1.9978, -1.0008, 0.00206, -15.503098079431837, -0.0, 5167.699359810612], 
[69, 3, 1, 3, 15.1255, 3.1116, -1.0008, 0.00307, 10.251716381890049, -15.377574572835073, 2562.929095472512], 
[70, 3, 2, 3, 15.5088, 3.1116, -1.0017, 0.00251, 0.0, -2.5894718078295234, 2589.471807829523], 
71, 3, 3, 3, 15.8921, 3.1116, -1.0018, 0.00244, -0.0, -2.5927896468741496, 2592.7896468741496], 
[72, 3, 4, 3, 16.2753, 3.1116, -1.0018, 0.00244, -0.0, -2.5927896468741496, 2592.7896468741496], 
[73, 3, 5, 3, 16.6586, 3.1116, -1.0018, 0.0024, -0.0, -2.5946855548996504, 2594.6855548996505], 
[74, 3, 6, 3, 17.0419, 3.1116, -1.0017, 0.00237, -0.0, -2.596107485918776, 2596.1074859187756], 
[75, 3, 7, 3, 17.4252, 3.1116, -1.0013, 0.00226, -2.6013212329889033, -0.0, 2601.3212329889034], 
[76, 3, 8, 3, 17.8085, 3.1116, -1.0005, 0.00206, -7.832402319349222, -0.0, 2610.800773116407], 
[77, 3, 1, 4, 16.2017, 3.9209, -1.0005, 0.00307, 3.8532126157448032, -5.7798189236172055, 963.3031539362008], 
[78, 3, 2, 4, 16.4261, 3.9209, -1.001, 0.00251, 0.0, -0.9732795042662579, 973.2795042662578], 
[79, 3, 3, 4, 16.6504, 3.9209, -1.0011, 0.00244, -0.0, -0.974526548057515, 974.526548057515], 
[80, 3, 4, 4, 16.8747, 3.9209, -1.0011, 0.00244, -0.0, -0.974526548057515, 974.526548057515], 
[81, 3, 5, 4, 17.099, 3.9209, -1.001, 0.0024, -0.0, -0.975239144509662, 975.239144509662], 
[82, 3, 6, 4, 17.3234, 3.9209, -1.001, 0.00237, -0.0, -0.9757735918487721, 975.7735918487721], [83, 3, 7, 4, 17.5477, 3.9209, -1.0008, 0.00226, -0.9777332320921763, -0.0, 977.7332320921763], [84, 3, 8, 4, 17.772, 3.9209, -1.0003, 0.00206, -2.9438886430587328, -0.0, 981.2962143529109], [85, 3, 1, 5, 16.7675, 4.3463, -1.0003, 0.00307, 0.8330537134039823, -1.2495805701059735, 208.26342835099555], [86, 3, 2, 5, 16.9083, 4.3463, -1.0006, 0.00251, 0.0, -0.21042028718995862, 210.4202871899586], [87, 3, 3, 5, 17.0491, 4.3463, -1.0007, 0.00244, -0.0, -0.210689894544829, 210.689894544829], [88, 3, 4, 5, 17.1898, 4.3463, -1.0007, 0.00244, -0.0, -0.210689894544829, 210.689894544829], [89, 3, 5, 5, 17.3306, 4.3463, -1.0007, 0.0024, -0.0, -0.2108439558904692, 210.8439558904692], [90, 3, 6, 5, 17.4713, 4.3463, -1.0006, 0.00237, -0.0, -0.21095950189969936, 210.95950189969935], [91, 3, 7, 5, 17.6121, 4.3463, -1.0005, 0.00226, -0.21138317060020997, -0.0, 211.38317060020998], [92, 3, 8, 5, 17.7528, 4.3463, -1.0002, 0.00206, -0.6364604319852332, -0.0, 212.15347732841104], [93, 4, 1, 1, 11.465, 0.1397, 2.2972, 0.22369, -4619.181937490059, 6650.184112339773, 16050.309222484912], [94, 4, 2, 1, 11.465, 0.3372, 2.0997, 0.24992, -5346.6705040414, 18578.119689139963, 7697.541192588786], [95, 4, 3, 1, 11.465, 0.3372, 1.8203, 0.28954, -6445.53047379985, 22396.337405071077, -9279.55749146282], [96, 4, 4, 1, 11.465, 0.1397, 1.6228, 0.31942, -7274.251723077549, 10472.65812271865, -25275.901901588528], [97, 4, 1, 2, 14.555, 0.2793, 2.6343, -0.02001, -0.0, -7688.363694048722, -18548.428337600573], [98, 4, 2, 2, 14.555, 0.6743, 2.2393, -0.00858, -0.0, -15800.52574850764, -6549.3521230286], [99, 4, 3, 2, 14.555, 0.6743, 1.6807, 0.009, -0.0, -11574.092894942127, 4797.486557102635], [100, 4, 4, 2, 14.555, 0.2793, 1.2857, 0.0225, -0.0, -3452.1972999922527, 8328.538655855984], [101, 4, 1, 3, 16.945, 0.1397, 2.2972, -0.13951, -5449.046498918641, -3857.8333406209713, -9306.879839539613], [102, 4, 2, 3, 16.945, 0.3372, 2.0997, -0.13951, -5449.046498918641, -9306.879839539613, -3857.8333406209713], [103, 4, 3, 3, 16.945, 0.3372, 1.8203, -0.13951, -5449.046498918641, -9306.879839539613, 3857.8333406209713], [104, 4, 4, 3, 16.945, 0.1397, 1.6228, -0.13935, -5444.613065036756, -3854.69454394409, 9299.307608980846], [105, 5, 1, 1, 5.245, -0.1609, 0.3884, 0.03425, 842.0455479314908, 4010.241922023725, -9694.049370561288], [106, 5, 2, 1, 5.245, -0.3884, 0.1609, 0.04945, 282.95883155139364, 3257.563548235419, -1347.5914352635123], [107, 5, 3, 1, 5.245, -0.3884, -0.1609, 0.07271, -572.5909725934125, -6591.953571981662, -2726.9645069761273], [108, 5, 4, 1, 5.245, -0.1609, -0.3884, 0.09047, -1225.839662258579, -5838.061391506482, -14112.47911175189], [109, 5, 1, 2, 13.95, -0.3217, 0.7767, -0.02001, -0.0, 17867.5955910153, -43106.15750939461], [110, 5, 2, 2, 13.95, -0.7767, 0.3217, -0.00858, -0.0, 36720.08966202915, -15220.556645624638], [111, 5, 3, 2, 13.95, -0.7767, -0.3217, 0.009, -0.0, 26897.948563456564, 11149.257900220631], [112, 5, 4, 2, 13.95, -0.3217, -0.7767, 0.0225, -0.0, 8022.833948971821, 19355.348743733586], [113, 5, 1, 3, 20.972, -0.1609, 0.5734, -0.05591, -2469.168272768376, 13474.604002821708, -32522.47353560632], [114, 5, 2, 3, 20.972, -0.3884, 0.3459, -0.05986, -3585.9588273041645, 33627.51186012783, -13941.329726560069], [115, 5, 3, 3, 20.972, -0.3884, 0.0241, -0.06512, -5262.556617612048, 35147.73215412426, 14558.459547992454], [116, 5, 4, 3, 20.972, -0.1609, -0.2034, -0.06862, -6507.212886429909, 14998.332140673814, 36146.77402157102], [117, 6, 1, 1, 11.9028, -0.6884, -0.9982, 0.00187, -32.81622950135128, -49.22434425202692, 8204.05737533782], [118, 6, 2, 1, 12.762, -0.6884, -0.9961, 0.00237, -0.0, -8.129156050402095, 8129.156050402095], [119, 6, 3, 1, 13.6213, -0.6884, -0.9959, 0.00244, -0.0, -8.11876694614113, 8118.76694614113], [120, 6, 4, 1, 14.4806, -0.6884, -0.9959, 0.00244, -0.0, -8.11876694614113, 8118.76694614113], [121, 6, 5, 1, 15.3399, -0.6884, -0.996, 0.00247, 0.0, -8.11431447288643, 8114.31447288643], [122, 6, 6, 1, 16.1991, -0.6884, -0.9963, 0.0025, 0.0, -8.10986199963173, 8109.86199963173], [123, 6, 7, 1, 17.0584, -0.6884, -0.997, 0.00262, 8.09205210661293, -0.0, 8092.052106612931], [124, 6, 8, 1, 17.9177, -0.6884, -0.9988, 0.00284, 24.178201908235398, -0.0, 8059.400636078466], [125, 6, 1, 2, 13.6442, -1.9978, -0.9987, 0.00187, -20.742098234393108, -31.11314735158966, 5185.524558598277], [126, 6, 2, 2, 14.2462, -1.9978, -0.9973, 0.00237, -0.0, -5.138616140736, 5138.616140736], [127, 6, 3, 2, 14.8483, -1.9978, -0.9971, 0.00244, -0.0, -5.132048962235281, 5132.048962235281], [128, 6, 4, 2, 15.4504, -1.9978, -0.9971, 0.00244, -0.0, -5.132048962235281, 5132.048962235281], [129, 6, 5, 2, 16.0525, -1.9978, -0.9972, 0.00247, 0.0, -5.129234457163544, 5129.234457163544], [130, 6, 6, 2, 16.6545, -1.9978, -0.9974, 0.0025, 0.0, -5.126419952091807, 5126.419952091806], [131, 6, 7, 2, 17.2566, -1.9978, -0.9979, 0.00262, 5.1151619318048605, -0.0, 5115.161931804861], [132, 6, 8, 2, 17.8587, -1.9978, -0.9992, 0.00284, 15.283566683836375, -0.0, 5094.522227945458], [133, 6, 1, 3, 15.1255, -3.1116, -0.9992, 0.00187, -10.479225344950143, -15.718838017425213, 2619.8063362375356], [134, 6, 2, 3, 15.5088, -3.1116, -0.9983, 0.00237, -0.0, -2.596107485918776, 2596.1074859187756], [135, 6, 3, 3, 15.8921, -3.1116, -0.9982, 0.00244, -0.0, -2.5927896468741496, 2592.7896468741496], [136, 6, 4, 3, 16.2753, -3.1116, -0.9982, 0.00244, -0.0, -2.5927896468741496, 2592.7896468741496], [137, 6, 5, 3, 16.6586, -3.1116, -0.9982, 0.00247, 0.0, -2.591367715855024, 2591.367715855024], [138, 6, 6, 3, 17.0419, -3.1116, -0.9983, 0.0025, 0.0, -2.5899457848358987, 2589.9457848358984], [139, 6, 7, 3, 17.4252, -3.1116, -0.9987, 0.00262, 2.584258060759396, -0.0, 2584.258060759396], [140, 6, 8, 3, 17.8085, -3.1116, -0.9995, 0.00284, 7.721491699857426, -0.0, 2573.830566619142], [141, 6, 1, 4, 16.2017, -3.9209, -0.9995, 0.00187, -3.9387241900024352, -5.908086285003653, 984.6810475006088], [142, 6, 2, 4, 16.4261, -3.9209, -0.999, 0.00237, -0.9757735918487721, -0.9757735918487721, 975.7735918487721], [143, 6, 3, 4, 16.6504, -3.9209, -0.9989, 0.00244, -0.0, -0.974526548057515, 974.526548057515], [144, 6, 4, 4, 16.8747, -3.9209, -0.9989, 0.00244, -0.0, -0.974526548057515, 974.526548057515], [145, 6, 5, 4, 17.099, -3.9209, -0.999, 0.00247, 0.0, -0.9739921007184048, 973.9921007184048], [146, 6, 6, 4, 17.3234, -3.9209, -0.999, 0.0025, 0.0, -0.9734576533792946, 973.4576533792946], [147, 6, 7, 4, 17.5477, -3.9209, -0.9992, 0.00262, 0.9713198640228539, -0.0, 971.3198640228538], [148, 6, 8, 4, 17.772, -3.9209, -0.9997, 0.00284, 2.9022017506081372, -0.0, 967.4005835360457], [149, 6, 1, 5, 16.7675, -4.3463, -0.9997, 0.00187, -0.8515410748808083, -1.2773116123212125, 212.88526872020208], [150, 6, 2, 5, 16.9083, -4.3463, -0.9994, 0.00237, -0.21095950189969936, -0.21095950189969936, 210.95950189969935], [151, 6, 3, 5, 17.0491, -4.3463, -0.9993, 0.00244, -0.0, -0.210689894544829, 210.689894544829], [152, 6, 4, 5, 17.1898, -4.3463, -0.9993, 0.00244, -0.0, -0.210689894544829, 210.689894544829], [153, 6, 5, 5, 17.3306, -4.3463, -0.9993, 0.00247, 0.0, -0.21057434853559884, 210.57434853559883], [154, 6, 6, 5, 17.4713, -4.3463, -0.9994, 0.0025, 0.0, -0.21045880252636867, 210.45880252636866], [155, 6, 7, 5, 17.6121, -4.3463, -0.9995, 0.00262, 0.209996618489448, -0.0, 209.996618489448], [156, 6, 8, 5, 17.7528, -4.3463, -0.9998, 0.00284, 0.6274478432652805, -0.0, 209.14928108842682], [157, 7, 1, 1, 11.9028, -0.6884, -1.0018, 0.00307, 32.10377356118083, 48.155660341771245, 8025.943390295207], [158, 7, 2, 1, 12.762, -0.6884, -1.0039, 0.00251, 8.108377841880163, 8.108377841880163, 8108.377841880163], [159, 7, 3, 1, 13.6213, -0.6884, -1.0041, 0.00244, -0.0, 8.11876694614113, 8118.76694614113], [160, 7, 4, 1, 14.4806, -0.6884, -1.0041, 0.00244, -0.0, 8.11876694614113, 8118.76694614113], [161, 7, 5, 1, 15.3399, -0.6884, -1.004, 0.0024, -0.0, 8.124703577147397, 8124.703577147397], [162, 7, 6, 1, 16.1991, -0.6884, -1.0037, 0.00237, -0.0, 8.129156050402095, 8129.156050402095], [163, 7, 7, 1, 17.0584, -0.6884, -1.003, 0.00226, -8.145481785669329, 0.0, 8145.481785669329], [164, 7, 8, 1, 17.9177, -0.6884, -1.0012, 0.00206, -24.52549482210198, 0.0, 8175.16494070066], [165, 7, 1, 2, 13.6442, -1.9978, -1.0013, 0.00307, 20.291777422915242, 30.437666134372865, 5072.9443557288105], [166, 7, 2, 2, 14.2462, -1.9978, -1.0027, 0.00251, 5.125481783734561, 5.125481783734561, 5125.481783734562], [167, 7, 3, 2, 14.8483, -1.9978, -1.0029, 0.00244, -0.0, 5.132048962235281, 5132.048962235281], [168, 7, 4, 2, 15.4504, -1.9978, -1.0029, 0.00244, -0.0, 5.132048962235281, 5132.048962235281], [169, 7, 5, 2, 16.0525, -1.9978, -1.0028, 0.0024, -0.0, 5.135801635664263, 5135.801635664263], [170, 7, 6, 2, 16.6545, -1.9978, -1.0026, 0.00237, -0.0, 5.138616140736, 5138.616140736], [171, 7, 7, 2, 17.2566, -1.9978, -1.0021, 0.00226, -5.148935992665701, 0.0, 5148.935992665701], [172, 7, 8, 2, 17.8587, -1.9978, -1.0008, 0.00206, -15.503098079431837, 0.0, 5167.699359810612], [173, 7, 1, 3, 15.1255, -3.1116, -1.0008, 0.00307, 10.251716381890049, 15.377574572835073, 2562.929095472512], [174, 7, 2, 3, 15.5088, -3.1116, -1.0017, 0.00251, 0.0, 2.5894718078295234, 2589.471807829523], [175, 7, 3, 3, 15.8921, -3.1116, -1.0018, 0.00244, -0.0, 2.5927896468741496, 2592.7896468741496], [176, 7, 4, 3, 16.2753, -3.1116, -1.0018, 0.00244, -0.0, 2.5927896468741496, 2592.7896468741496], [177, 7, 5, 3, 16.6586, -3.1116, -1.0018, 0.0024, -0.0, 2.5946855548996504, 2594.6855548996505], [178, 7, 6, 3, 17.0419, -3.1116, -1.0017, 0.00237, -0.0, 2.596107485918776, 2596.1074859187756], [179, 7, 7, 3, 17.4252, -3.1116, -1.0013, 0.00226, -2.6013212329889033, 0.0, 2601.3212329889034], [180, 7, 8, 3, 17.8085, -3.1116, -1.0005, 0.00206, -7.832402319349222, 0.0, 2610.800773116407], [181, 7, 1, 4, 16.2017, -3.9209, -1.0005, 0.00307, 3.8532126157448032, 5.7798189236172055, 963.3031539362008], [182, 7, 2, 4, 16.4261, -3.9209, -1.001, 0.00251, 0.0, 0.9732795042662579, 973.2795042662578], [183, 7, 3, 4, 16.6504, -3.9209, -1.0011, 0.00244, -0.0, 0.974526548057515, 974.526548057515], [184, 7, 4, 4, 16.8747, -3.9209, -1.0011, 0.00244, -0.0, 0.974526548057515, 974.526548057515], [185, 7, 5, 4, 17.099, -3.9209, -1.001, 0.0024, -0.0, 0.975239144509662, 975.239144509662], [186, 7, 6, 4, 17.3234, -3.9209, -1.001, 0.00237, -0.0, 0.9757735918487721, 975.7735918487721], [187, 7, 7, 4, 17.5477, -3.9209, -1.0008, 0.00226, -0.9777332320921763, 0.0, 977.7332320921763], [188, 7, 8, 4, 17.772, -3.9209, -1.0003, 0.00206, -2.9438886430587328, 0.0, 981.2962143529109], [189, 7, 1, 5, 16.7675, -4.3463, -1.0003, 0.00307, 0.8330537134039823, 1.2495805701059735, 208.26342835099555], [190, 7, 2, 5, 16.9083, -4.3463, -1.0006, 0.00251, 0.0, 0.21042028718995862, 210.4202871899586], [191, 7, 3, 5, 17.0491, -4.3463, -1.0007, 0.00244, -0.0, 0.210689894544829, 210.689894544829], [192, 7, 4, 5, 17.1898, -4.3463, -1.0007, 0.00244, -0.0, 0.210689894544829, 210.689894544829], [193, 7, 5, 5, 17.3306, -4.3463, -1.0007, 0.0024, -0.0, 0.2108439558904692, 210.8439558904692], [194, 7, 6, 5, 17.4713, -4.3463, -1.0006, 0.00237, -0.0, 0.21095950189969936, 210.95950189969935], [195, 7, 7, 5, 17.6121, -4.3463, -1.0005, 0.00226, -0.21138317060020997, 0.0, 211.38317060020998], [196, 7, 8, 5, 17.7528, -4.3463, -1.0002, 0.00206, -0.6364604319852332, 0.0, 212.15347732841104], [197, 8, 1, 1, 11.465, -0.1397, 2.2972, 0.22369, -4619.181937490059, -6650.184112339773, 16050.309222484912], [198, 8, 2, 1, 11.465, -0.3372, 2.0997, 0.24992, -5346.6705040414, -18578.119689139963, 7697.541192588786], [199, 8, 3, 1, 11.465, -0.3372, 1.8203, 0.28954, -6445.53047379985, -22396.337405071077, -9279.55749146282], [200, 8, 4, 1, 11.465, -0.1397, 1.6228, 0.31942, -7274.251723077549, -10472.65812271865, -25275.901901588528], [201, 8, 1, 2, 14.555, -0.2793, 2.6343, -0.02001, -0.0, 7688.363694048722, -18548.428337600573], [202, 8, 2, 2, 14.555, -0.6743, 2.2393, -0.00858, -0.0, 15800.52574850764, -6549.3521230286], [203, 8, 3, 2, 14.555, -0.6743, 1.6807, 0.009, -0.0, 11574.092894942127, 4797.486557102635], [204, 8, 4, 2, 14.555, -0.2793, 1.2857, 0.0225, -0.0, 3452.1972999922527, 8328.538655855984], [205, 8, 1, 3, 16.945, -0.1397, 2.2972, -0.13951, -5449.046498918641, 3857.8333406209713, -9306.879839539613], [206, 8, 2, 3, 16.945, -0.3372, 2.0997, -0.13951, -5449.046498918641, 9306.879839539613, -3857.8333406209713], [207, 8, 3, 3, 16.945, -0.3372, 1.8203, -0.13951, -5449.046498918641, 9306.879839539613, 3857.8333406209713], [208, 8, 4, 3, 16.945, -0.1397, 1.6228, -0.13935, -5444.613065036756, 3854.69454394409, 9299.307608980846]]

